-0.011336
-0.010157
-0.001784
0.007521
-0.002335
-0.015367
-0.010557
0.005202
0.004844
-0.010065
-0.01062
-0.002761
0.016683
0.011003
-0.011261
-0.000034
0.002089
0.000487
0.004797
-0.010269
-0.015577
-0.008952
0.002446
0.003081
-0.007496
-0.000439
-0.002648
-0.008435
-0.014451
-0.005559
0.015492
0.010305
0.00483
-0.008607
-0.003802
0.007143
0.003865
0.002475
-0.004064
-0.000709
-0.013781
-0.014116
-0.003667
0.003824
0.002325
-0.012912
-0.00231
-0.001261
-0.001785
0.006531
0.00085
0.00334
0.012925
-0.007227
-0.010987
0.004496
-0.002671
-0.006715
-0.010553
0.006593
0.002533
-0.012307
-0.014083
-0.006023
0.010955
-0.001617
0.00063
-0.000025
0.00385
-0.000075
-0.020225
0.007567
0.024673
0.001524
-0.004612
-0.003702
-0.015011
-0.008206
0.001129
0.001053
-0.003963
-0.009464
-0.000918
-0.002885
-0.012377
0.004048
0.01772
0.007193
-0.007092
-0.01977
-0.006045
0.015967
0.011614
-0.000367
-0.009312
-0.003352
0.000468
-0.000013
0.006255
-0.021455
-0.027047
-0.006323
0.002345
0.016986
0.005184
-0.004439
-0.008973
0.002146
0.001185
-0.010362
0.013855
0.011477
0.006798
-0.006762
-0.019529
-0.008429
-0.008576
-0.006062
-0.002028
0.00354
0.002545
0.001426
0.005345
0.001092
-0.015754
-0.012661
0.004897
0.012759
0.011731
-0.016673
-0.014172
0.006115
0.007626
0.002172
-0.015274
-0.012489
-0.003035
0.008557
-0.002625
-0.013226
0.005498
0.008453
-0.006839
-0.019849
-0.00285
0.006965
0.017718
0.023591
0.003252
-0.022061
-0.013512
0.00394
-0.01025
-0.00242
-0.005099
0.004676
0.010788
-0.002628
-0.01622
-0.015923
-0.001825
-0.014336
-0.003869
0.007877
0.031638
0.019852
-0.015399
-0.016694
-0.017065
-0.001534
0.009088
0.01832
-0.002827
-0.014821
-0.009309
-0.019954
0.000924
0.003145
-0.004082
0.020085
0.001906
-0.012144
0.000089
-0.01485
-0.001606
-0.000001
0.003657
0.015101
0.000932
0.008991
-0.016776
-0.02101
0.00119
0.001305
0.008533
-0.017535
-0.002803
0.012766
-0.010222
-0.004922
-0.01422
0.003855
0.018522
0.001525
-0.005187
-0.000082
0.023448
0.007928
-0.006163
-0.012088
-0.019408
-0.006995
-0.008064
0.012016
0.008882
-0.012686
-0.010072
-0.012446
-0.006641
0.009466
0.018542
0.008212
-0.003468
-0.007337
-0.005698
-0.00582
0.002363
0.009104
-0.005814
-0.008216
-0.011538
-0.011828
-0.001539
-0.002311
0.00595
0.004532
-0.003053
-0.000062
-0.006268
-0.005015
0.001348
0.011324
0.013145
0.002705
-0.004957
-0.02261
-0.01042
0.014015
0.001938
-0.000878
0.000949
-0.013543
-0.011585
-0.006168
-0.001801
0.006022
-0.001352
-0.006917
-0.010691
0.003155
0.02489
0.007516
0.001541
-0.003389
-0.021675
-0.005388
0.005914
0.013746
-0.001534
-0.022034
-0.006622
-0.001757
0.002099
-0.010423
-0.005509
0.018963
0.0124
-0.004949
-0.009475
-0.00114
-0.004015
0.006693
0.006334
-0.001877
-0.003312
-0.010942
-0.007026
0.002592
0.009867
-0.011177
-0.012424
-0.007169
0.00291
0.008356
-0.006989
0.009336
0.003747
0.001949
-0.000024
0.005131
0.006418
-0.020986
-0.007214
0.004783
-0.002868
-0.011783
-0.001492
0.003954
0.00255
0.000445
-0.010989
-0.004961
-0.007987
0.006865
0.018361
-0.00353
-0.012448
-0.000241
0.00383
0.000284
0.00146
0.010419
-0.000328
-0.017275
-0.007888
-0.015641
0.003546
0.009936
-0.004909
0.000738
-0.010847
-0.007298
-0.002416
0.008274
0.016781
0.013383
-0.006229
-0.018345
-0.001627
0.00266
0.004458
-0.004292
-0.016527
-0.006275
0.003523
0.000023
-0.005618
-0.01011
0.006988
0.000522
-0.003344
0.005468
-0.009706
0.012592
0.015121
-0.004286
-0.01972
-0.013924
0.008606
0.004805
0.010552
0.007474
-0.011058
-0.021601
-0.002077
0.000566
-0.018312
-0.004557
0.006908
0.015075
0.004293
-0.017436
-0.011174
0.009952
0.021987
-0.003893
-0.009115
0.007218
-0.001377
-0.012512
-0.016884
-0.000091
0.013317
0.007006
-0.016531
-0.020829
0.007231
0.011336
-0.013104
-0.021801
0.004867
0.021134
0.012646
-0.002942
-0.009188
-0.01046
-0.003869
0.008748
0.004182
0.000984
-0.005608
-0.015691
-0.014861
0.00125
0.005868
0.005843
0.004849
-0.00769
-0.008223
-0.00394
0.007522
0.011617
0.009288
-0.009625
-0.0165
0.001934
0.002669
0.006886
0.007551
-0.015669
-0.03055
0.002747
0.018647
-0.005101
-0.01111
-0.001852
-0.002483
-0.000931
-0.000207
-0.0009
0.024143
0.00491
-0.01829
-0.01288
-0.009112
0.005931
-0.003943
0.00943
0.012321
-0.010723
-0.013025
-0.013855
-0.006077
-0.000414
-0.00269
0.000819
0.016321
0.006216
-0.014757
-0.004709
0.011462
-0.00039
0.001577
0.013337
-0.006961
-0.010254
-0.01211
-0.005018
0.004933
-0.004532
-0.01368
-0.007448
0.012322
-0.006322
-0.00711
0.014856
0.014177
0.006673
-0.008017
-0.005364
-0.002011
0.005818
0.008058
-0.021508
-0.018695
0.005863
0.006539
-0.00847
-0.010669
0.000647
-0.003727
-0.000696
0.002234
0.002725
0.012286
0.013274
0.003543
-0.013706
-0.017673
-0.010939
-0.001519
0.01172
0.008638
-0.005854
-0.005373
-0.001784
0.003206
-0.000477
-0.016298
-0.01004
-0.011165
-0.00667
0.010168
0.002669
0.009548
0.014788
0.003817
-0.004988
-0.009263
-0.002158
-0.009741
-0.012221
-0.001134
0.005548
0.010509
0.008283
-0.004504
-0.024371
-0.01666
0.008373
0.008904
-0.003308
-0.003962
0.012856
0.01475
-0.013368
-0.019271
0.005242
0.011893
-0.003999
-0.008101
0.003618
0.007527
0.000251
-0.0096
-0.003555
-0.006579
-0.021103
-0.008984
0.00582
0.005091
0.002764
0.016678
0.005759
-0.017909
-0.010366
0.005546
0.010274
-0.005981
-0.006214
-0.008118
-0.006998
0.005159
-0.00199
-0.007606
-0.000631
0.018059
0.006745
-0.022514
-0.020384
0.001389
0.020929
0.015591
-0.010089
-0.000676
0.009621
-0.009008
-0.020135
-0.014578
0.026136
0.010062
-0.025584
0.007133
0.010655
-0.014642
-0.033684
-0.013577
0.031651
0.025929
0.002435
-0.016466
-0.007009
0.010532
-0.008561
-0.009456
0.006595
0.011404
-0.002718
-0.009409
0.002743
-0.008025
-0.026933
-0.008633
0.024235
0.012839
-0.026996
-0.006938
0.034398
0.00011
-0.016958
0.005935
0.019451
-0.007463
-0.034611
0.00061
0.019214
0.011739
-0.014275
-0.007048
0.014686
-0.012701
-0.023703
0.001715
0.008899
-0.011239
-0.00381
0.010586
0.022336
0.007096
-0.014051
0.002997
0.009797
-0.008456
-0.02186
-0.005837
0.007218
0.007975
0.004147
-0.010119
-0.011329
0.00069
-0.002322
-0.011231
-0.005507
0.01153
-0.001353
-0.019709
0.005678
0.029886
0.018885
-0.008645
-0.003214
-0.014876
-0.03082
-0.000351
0.017888
0.012779
-0.003276
-0.008299
-0.011085
-0.011875
-0.001082
0.008936
0.0018
0.000057
0.009027
-0.006722
-0.002089
0.01122
-0.00658
-0.022027
-0.003948
0.019914
0.004858
-0.022403
-0.015806
0.004201
0.013284
0.013789
-0.002923
-0.015394
-0.021418
-0.017465
-0.008354
0.001863
0.030613
0.038084
0.01687
-0.015587
-0.032245
-0.030374
-0.024091
0.003576
0.019736
0.019906
0.004922
-0.010439
-0.005701
-0.011339
-0.009287
0.003186
0.01549
0.010341
0.002263
-0.001625
-0.016858
0.000052
0.005918
-0.009657
-0.002708
0.00894
0.009635
-0.001866
-0.011867
-0.010822
-0.001965
-0.013522
-0.022496
-0.004599
0.020852
0.022099
-0.009548
-0.000291
0.01482
-0.01196
-0.013044
0.008997
0.005857
-0.006891
0.002358
0.003382
-0.009603
-0.016568
-0.006779
0.006286
-0.001765
0.003309
0.000327
-0.006206
0.006755
-0.004522
-0.003981
0.00828
0.002622
0.002907
-0.007382
-0.013374
-0.007354
-0.011186
0.011409
0.010743
-0.016679
-0.003658
-0.001683
0.004787
0.003676
-0.008503
0.001544
-0.000055
-0.000883
-0.01149
0.000746
0.01774
0.007083
-0.002235
-0.011642
-0.015779
-0.010102
0.020107
0.019843
-0.013679
-0.02933
-0.012663
0.012946
0.008714
-0.008063
-0.003797
0.009369
-0.000119
0.00043
-0.011136
-0.00849
0.012919
0.0061
0.005768
-0.002706
-0.00588
-0.01772
-0.00382
0.019795
-0.008527
-0.018223
-0.00929
0.019167
0.013271
-0.020414
-0.008786
0.005157
0.015499
0.000706
-0.009902
0.004574
-0.008167
-0.023426
0.006367
0.034222
0.012247
-0.011086
-0.021186
-0.009037
-0.013151
-0.0262
0.007396
0.026774
0.024416
-0.001259
-0.02371
-0.007147
-0.000094
0.000246
0.00024
0.010267
0.015621
-0.005933
-0.023968
-0.015081
0.007697
0.00729
-0.004
-0.015837
0.002673
0.015676
-0.009567
-0.008358
-0.013314
-0.012335
0.018954
0.02721
0.014879
-0.008206
-0.019336
0.000655
-0.00507
-0.003455
-0.005189
-0.033848
-0.007542
0.018791
0.022968
0.019384
0.007362
-0.006905
-0.026683
-0.036765
-0.021542
0.01496
0.038143
0.048269
0.001428
-0.044289
-0.025152
-0.006253
0.001543
0.001529
0.004603
0.014982
-0.005425
-0.016996
-0.008508
-0.030763
-0.016313
0.02412
0.021846
0.019979
0.029344
-0.013318
-0.052855
-0.025936
-0.001266
0.014036
0.018969
0.017622
0.011145
-0.008171
-0.005882
-0.017612
-0.029269
0.007583
0.032357
0.015673
-0.004003
-0.012513
-0.006489
0.001664
-0.011848
0.000064
0.028464
0.004508
-0.031472
-0.030665
0.003665
0.017678
-0.017377
-0.032014
0.017666
0.027071
-0.017769
-0.008341
0.015562
0.016593
-0.008793
-0.010366
-0.001597
-0.002813
0.026939
0.02889
0.020281
-0.015104
-0.030646
-0.011155
-0.017965
-0.006993
0.025632
0.058509
0.012107
-0.043291
-0.037298
-0.016976
0.014514
0.001988
-0.008542
-0.005952
-0.030649
-0.046137
-0.012654
0.069479
0.048053
-0.025693
-0.027114
-0.02146
-0.009473
-0.030811
-0.030083
0.038654
0.088483
0.065816
-0.035595
-0.086362
-0.040512
0.061988
0.105641
-0.006243
-0.085852
-0.032907
0.04318
0.008686
-0.083588
-0.044482
0.046549
0.069967
0.009178
-0.078239
-0.045278
0.085856
0.137396
0.015055
-0.11767
-0.116198
-0.031315
0.010728
-0.047528
-0.046145
0.047072
0.082845
0.032055
-0.005974
0.035033
0.076588
0.012513
-0.089458
-0.074784
0.026301
0.074001
-0.004133
-0.117424
-0.08755
0.081472
0.170014
0.056221
-0.105555
-0.086969
0.060812
0.072141
-0.057581
-0.152611
-0.081152
0.051094
0.03684
-0.013816
0.038407
0.138257
0.13162
-0.021997
-0.198459
-0.211804
-0.04693
0.110263
0.180028
0.109467
0.00001
-0.052398
-0.07754
-0.061352
-0.018604
0.059566
0.112024
0.089997
-0.002039
-0.067811
-0.078528
-0.056816
0.041571
0.043348
-0.063884
-0.125639
-0.064875
0.081643
0.130709
0.092241
0.029653
-0.046071
-0.110342
-0.127077
-0.084208
-0.028827
0.066659
0.17585
0.21726
0.095838
-0.130356
-0.209785
-0.082489
0.064783
0.048658
-0.056572
-0.09725
-0.05693
0.03666
0.126244
0.117692
-0.011125
-0.066376
-0.014857
-0.005646
0.025731
0.041211
-0.005878
-0.055929
-0.066377
-0.017838
-0.003529
0.033426
0.073917
0.034272
-0.038871
-0.063078
-0.028316
-0.063594
-0.064184
0.033664
0.108895
0.09338
0.03856
0.053186
0.075656
0.04896
-0.066321
-0.193326
-0.136172
0.046462
0.117696
0.047322
-0.0616
-0.100911
0.025389
0.129635
0.053344
-0.102124
-0.157426
-0.033106
0.083704
0.062845
0.022254
0.055818
0.041023
-0.045628
-0.062301
-0.035249
-0.043727
-0.059038
0.004043
0.095185
0.070188
-0.022356
-0.036388
0.004447
0.020964
0.000918
-0.050806
-0.029701
0.014106
0.011536
0.006987
-0.022697
0.003584
0.036686
0.023929
-0.001511
0.006848
0.02314
-0.023536
0.032679
0.076447
0.007923
-0.092185
-0.173167
-0.074885
0.064441
0.097165
0.058144
0.000375
-0.017868
0.016859
0.019039
-0.05623
-0.084358
-0.065572
0.001513
0.086215
0.077733
0.027996
-0.010545
-0.041895
-0.038641
-0.018841
-0.019799
0.035937
0.097176
0.072287
-0.016613
-0.148611
-0.15963
-0.032397
0.101974
0.160259
0.109552
0.046873
-0.009215
-0.089929
-0.15138
-0.094122
0.049037
0.140464
0.138243
0.049992
-0.061662
-0.13603
-0.137944
-0.056764
0.036269
0.060029
0.042904
0.029682
0.022041
-0.038235
-0.111539
-0.058232
0.032852
0.097411
0.097063
0.008804
-0.030803
0.028655
0.092857
0.003169
-0.142673
-0.154793
-0.023971
0.09772
0.085126
0.057674
0.016506
-0.075862
-0.163952
-0.188783
-0.055269
0.122024
0.169438
0.107283
0.025557
-0.011211
-0.032302
-0.03699
0.019168
0.018686
-0.045521
-0.048269
0.015563
0.089764
0.095478
0.026062
-0.067905
-0.116577
-0.09811
-0.037177
0.017545
0.03735
0.106064
0.130484
0.037227
-0.041731
-0.026494
0.00223
-0.084057
-0.136146
-0.054324
0.044941
0.060824
-0.007107
-0.021435
0.028043
0.074069
0.048158
-0.055135
-0.084522
-0.024791
0.024048
0.017571
-0.031469
-0.024404
0.060311
0.122232
0.085738
0.009721
-0.013875
-0.034099
-0.052703
-0.055178
-0.031025
-0.006107
-0.058379
-0.047512
0.029778
0.057979
0.057572
0.051928
0.050358
0.021565
-0.043209
-0.126387
-0.111635
-0.005484
0.05511
0.046859
-0.036908
-0.101576
-0.072153
0.020552
0.106606
0.13521
0.108199
0.003794
-0.099165
-0.118338
-0.071665
-0.004026
0.027974
0.023415
-0.016291
-0.002897
0.109827
0.118937
0.010891
-0.069136
-0.065263
-0.006559
-0.028741
-0.054724
0.004173
0.046895
0.037422
-0.010676
-0.028773
-0.011247
-0.027251
-0.048074
-0.036427
0.031613
0.109262
0.106047
0.054337
-0.008244
-0.047798
-0.06051
-0.062675
-0.047941
0.000044
0.102182
0.113847
-0.008
-0.106255
-0.093734
-0.000759
0.039411
0.023268
0.042215
0.027262
-0.02022
-0.056133
-0.088463
-0.029665
0.095182
0.154373
0.01459
-0.21066
-0.222839
-0.051317
0.08249
0.099218
0.097654
0.120617
0.095109
0.001336
-0.078107
-0.053552
0.029212
0.041064
-0.066822
-0.189582
-0.166252
0.001252
0.148271
0.20602
0.176311
0.034378
-0.138833
-0.184223
-0.105193
0.002735
0.061882
0.067661
0.056032
-0.002558
-0.044467
-0.060642
-0.026275
0.045639
0.073781
0.076682
0.023955
-0.026176
-0.053538
-0.026781
0.021584
0.010628
-0.028651
-0.06761
-0.022112
0.011579
0.057016
0.113193
0.071358
-0.026491
-0.1501
-0.090693
0.041844
0.010822
-0.078518
-0.081994
0.011152
0.073249
0.085283
0.05212
0.041714
0.062268
0.0225
-0.082277
-0.178573
-0.150018
-0.048574
0.079401
0.161323
0.107647
0.011441
-0.000675
0.036203
-0.00814
-0.063483
-0.052601
-0.005082
0.022033
0.010136
0.019982
0.013038
0.007789
0.028074
0.009673
-0.023038
-0.053501
-0.068224
-0.056476
-0.054624
-0.043615
-0.002675
0.067718
0.132943
0.136898
0.046476
-0.093541
-0.144806
-0.088086
0.031628
0.097794
0.008813
-0.064892
-0.038029
0.009199
0.023
-0.000093
0.01437
0.018331
-0.040487
-0.094977
-0.054283
0.112975
0.228808
0.140567
-0.049122
-0.123796
-0.068444
-0.001101
0.051771
0.069917
0.020187
-0.096439
-0.137259
-0.047203
0.060867
0.11905
0.106778
0.008307
-0.090405
-0.074822
-0.031413
-0.005438
-0.010137
0.000517
0.022324
-0.045884
-0.102921
-0.056289
0.074699
0.112735
0.002651
-0.132726
-0.140133
0.017047
0.140846
0.174608
0.104214
-0.016141
-0.081983
-0.114895
-0.094791
0.021445
0.154149
0.140014
-0.003209
-0.143137
-0.173566
-0.077065
0.019542
0.090362
0.118394
0.043434
-0.036912
-0.075211
-0.05564
0.046455
0.131642
0.077405
-0.097725
-0.184149
-0.099995
0.069607
0.133768
0.042275
-0.013696
-0.01011
0.02257
-0.032498
-0.127173
-0.08239
0.052833
0.132325
0.044152
-0.03577
0.00422
0.085094
0.102162
0.054517
0.043883
0.014616
-0.095073
-0.182494
-0.124868
-0.01041
0.067477
0.067107
0.012115
-0.060959
-0.120197
-0.065608
0.02157
0.096478
0.159602
0.139176
0.008693
-0.145893
-0.157006
-0.053946
0.011818
0.036987
0.074543
0.085901
0.003494
-0.111799
-0.097581
0.001771
0.045793
0.017787
-0.012179
0.002736
0.029443
0.064959
0.04421
-0.02902
-0.04011
0.006973
0.022387
-0.012023
-0.026058
0.015866
0.06657
0.056226
-0.030673
-0.110135
-0.099552
-0.092324
-0.055039
0.078998
0.168407
0.138337
0.033959
-0.028204
-0.106527
-0.192521
-0.136086
-0.031759
0.018947
0.066967
0.102606
0.068045
0.05473
0.046911
0.00648
-0.025186
-0.054593
-0.012562
0.025769
0.030594
0.023309
0.017355
0.069321
0.043674
-0.045859
-0.053513
-0.00482
-0.074011
-0.2126
-0.145426
0.069644
0.192228
0.144917
0.060978
-0.012409
-0.111398
-0.142377
-0.09235
0.019846
0.073261
0.050288
0.037814
-0.02513
-0.037287
0.050756
0.157977
0.120956
-0.078266
-0.180806
-0.151381
-0.051708
0.038545
0.097838
0.087426
-0.032604
-0.076178
0.008504
0.108193
0.136558
0.145585
0.085974
-0.093976
-0.244372
-0.232879
-0.102729
-0.021889
0.062454
0.138551
0.143557
0.100123
0.036818
0.012842
0.005938
0.020848
-0.000451
-0.087404
-0.189709
-0.179614
-0.043982
0.078317
0.135173
0.102039
0.032789
-0.054831
-0.127226
-0.125429
-0.056373
0.02289
0.056537
0.078649
0.113708
0.127244
0.065856
-0.038942
-0.126418
-0.18504
-0.180119
-0.059117
0.100408
0.196115
0.184345
0.096246
0.05455
0.06355
0.046336
-0.009305
-0.05421
-0.10653
-0.141656
-0.127622
-0.079876
-0.009707
0.050096
0.087195
0.045972
-0.015067
-0.026572
-0.006036
-0.003459
-0.014562
-0.035848
-0.082101
-0.108852
-0.081923
0.009342
0.057083
0.073061
0.056995
0.005974
-0.009238
0.016151
0.087144
0.122547
0.096535
0.033247
-0.040458
-0.124021
-0.113255
0.00388
0.086455
0.153482
0.168326
0.119297
0.019933
-0.106061
-0.169683
-0.190894
-0.178909
-0.118246
-0.031924
0.051776
0.118804
0.119232
0.035348
-0.011093
-0.043488
-0.096344
-0.10792
-0.101656
-0.027472
0.063105
0.081219
0.107617
0.155363
0.121927
0.011225
-0.07399
-0.069596
-0.006573
0.037822
0.066696
0.031175
-0.02391
-0.033914
-0.042662
-0.045763
-0.064733
-0.034268
0.024691
0.023605
-0.02118
-0.055733
-0.042899
-0.033424
-0.01073
0.039159
0.059863
0.030076
-0.001691
-0.021
-0.057783
-0.059925
-0.015145
0.006193
-0.000224
0.014167
0.091075
0.237584
0.261344
0.11662
-0.037125
-0.167754
-0.20624
-0.165938
-0.082307
0.017838
0.016777
-0.008139
0.003389
-0.000279
0.046654
0.115758
0.111536
0.008713
-0.13029
-0.187669
-0.173051
-0.091446
0.01256
0.042417
0.063776
0.147813
0.222246
0.209658
0.103202
-0.039474
-0.155707
-0.220437
-0.151959
-0.04708
0.005704
0.060683
0.091298
0.104268
0.055677
-0.008109
-0.037135
-0.037719
-0.044329
-0.090174
-0.1056
-0.081654
-0.040136
-0.0307
0.05208
0.145303
0.124914
0.090598
0.009603
-0.059297
-0.053577
-0.002277
0.030069
-0.022005
-0.070683
-0.015348
0.049791
0.022401
-0.003316
0.020233
0.065997
0.078579
0.01985
-0.069152
-0.121463
-0.119089
-0.071923
-0.016781
0.006288
-0.004314
-0.062674
-0.07434
-0.040605
-0.0206
0.037122
0.082464
0.043073
-0.013347
0.050376
0.171583
0.208018
0.137956
0.034392
0.012525
0.035676
0.003352
-0.09622
-0.200276
-0.173029
-0.018285
0.088508
0.071267
0.010864
0.02971
0.040705
-0.046609
-0.137461
-0.168406
-0.086168
0.020988
0.041705
-0.041252
-0.147954
-0.130473
-0.028863
0.106909
0.191289
0.119943
-0.007355
-0.065363
-0.011145
0.119784
0.22833
0.234934
0.133786
-0.022642
-0.147852
-0.214555
-0.224965
-0.166025
-0.100697
-0.086521
-0.101693
-0.054349
0.086186
0.189402
0.209672
0.239082
0.236575
0.108768
-0.090304
-0.230545
-0.246212
-0.137841
0.042799
0.156893
0.103031
-0.031594
-0.054502
0.009925
0.061613
0.082621
0.07201
0.055804
-0.03761
-0.13315
-0.139407
-0.107133
-0.023486
0.094548
0.168997
0.130975
0.054435
0.033822
0.003532
-0.095896
-0.167933
-0.120688
-0.006179
0.076099
0.095596
0.084198
-0.001451
-0.195817
-0.373056
-0.367787
-0.166898
0.058118
0.176667
0.243042
0.304813
0.314749
0.206674
-0.00529
-0.194165
-0.270872
-0.214381
-0.149648
-0.170054
-0.116601
-0.009201
0.076714
0.168001
0.239645
0.317092
0.243871
0.041436
-0.114088
-0.209138
-0.20306
-0.149762
-0.047329
0.056058
0.104653
0.148218
0.207988
0.224299
0.148229
0.062422
-0.043173
-0.125134
-0.181485
-0.179265
-0.063332
0.01234
-0.019591
-0.049878
0.05629
0.12475
0.078212
0.022883
-0.06983
-0.149056
-0.235185
-0.27399
-0.185875
-0.039749
0.101563
0.143515
0.1205
0.088072
0.040064
-0.002267
-0.018715
0.002548
0.013838
0.057662
0.106854
0.10334
0.098177
0.078158
0.038821
-0.026814
-0.06292
-0.049878
-0.052287
-0.05752
-0.070764
-0.083772
-0.100656
-0.119723
-0.108934
-0.061257
0.00182
0.062572
0.166829
0.221821
0.175865
0.053144
-0.098182
-0.167794
-0.162508
-0.07807
-0.03115
0.004515
0.09337
0.101631
0.084923
0.062771
0.020311
-0.015789
-0.042181
-0.01307
0.030725
0.035796
0.0613
0.082818
0.039196
-0.033822
-0.130863
-0.19253
-0.163998
-0.049569
0.075532
0.103763
0.096526
0.046887
-0.024022
-0.002543
0.034497
0.080962
0.111645
0.089953
0.041742
-0.048086
-0.078981
-0.095528
-0.113416
-0.071635
-0.007978
0.041455
0.056125
0.056018
-0.019199
-0.084906
-0.124329
-0.1519
-0.119793
-0.084935
0.028373
0.088062
0.07814
0.034846
-0.07217
-0.108937
-0.101639
-0.019536
0.009854
-0.025902
-0.046026
-0.088586
-0.075299
-0.047351
0.008728
0.068036
0.129934
0.157685
0.123748
0.097982
0.073831
0.084641
0.046488
-0.01193
-0.037456
-0.019621
0.0872
0.182121
0.164136
0.000978
-0.141923
-0.179954
-0.159708
-0.071258
0.060314
0.195961
0.264629
0.25263
0.096338
-0.154992
-0.330988
-0.389641
-0.287694
-0.052006
0.212622
0.350379
0.272432
0.107981
-0.021657
-0.123905
-0.124798
0.011597
0.138424
0.129408
-0.034797
-0.224216
-0.353403
-0.349918
-0.20824
-0.04031
0.139096
0.282425
0.333041
0.185123
-0.065913
-0.175027
-0.138692
-0.020142
0.128746
0.250126
0.257161
0.163026
-0.015038
-0.234517
-0.335693
-0.29341
-0.157096
0.008349
0.116405
0.126759
0.103071
0.090184
0.066704
-0.009458
-0.109165
-0.146153
-0.148929
-0.118074
-0.019463
0.114802
0.216543
0.329209
0.408958
0.308509
0.024779
-0.378242
-0.667284
-0.635392
-0.289272
0.180029
0.538279
0.610527
0.33749
-0.087692
-0.446258
-0.637895
-0.579842
-0.247467
0.18381
0.55464
0.749135
0.680721
0.4213
0.014248
-0.476634
-0.907949
-1.080938
-0.843634
-0.213176
0.634832
1.352553
1.511088
0.90422
-0.106644
-0.915717
-1.252868
-1.122376
-0.589995
0.100774
0.566965
0.611839
0.351897
0.109095
0.1049
0.266196
0.390788
0.242718
-0.173523
-0.544256
-0.619516
-0.308062
0.24921
0.793351
1.06018
0.835354
0.192189
-0.523143
-0.98608
-1.123011
-0.964507
-0.576009
-0.09678
0.346098
0.651883
0.723078
0.532972
0.177842
-0.146568
-0.304664
-0.336238
-0.288271
-0.16462
0.023756
0.189782
0.21938
0.124274
-0.031691
-0.211688
-0.352976
-0.289607
0.007697
0.345218
0.560238
0.502386
0.181445
-0.152965
-0.253621
-0.150985
-0.045864
-0.031038
-0.125445
-0.236175
-0.304625
-0.223686
0.092321
0.452317
0.644381
0.544638
0.253696
-0.037632
-0.198383
-0.174715
-0.081089
-0.018696
-0.091127
-0.273035
-0.377465
-0.379827
-0.347998
-0.206056
0.054571
0.297025
0.439951
0.417085
0.220164
-0.170372
-0.587881
-0.661227
-0.336122
0.187676
0.62513
0.784585
0.648245
0.26237
-0.196551
-0.559596
-0.712518
-0.622712
-0.366828
-0.065402
0.16903
0.352718
0.48671
0.505883
0.413111
0.212151
-0.078773
-0.349919
-0.435099
-0.352437
-0.284642
-0.260379
-0.173053
0.060571
0.309452
0.451975
0.521899
0.505078
0.37389
0.124211
-0.145043
-0.396968
-0.564182
-0.494407
-0.256039
0.012606
0.209471
0.338935
0.438056
0.409038
0.199945
-0.097915
-0.261769
-0.203675
-0.076728
0.064263
0.154432
0.040967
-0.263002
-0.579609
-0.632645
-0.298122
0.187044
0.483671
0.489257
0.247238
-0.105989
-0.306771
-0.21846
0.061271
0.294122
0.370852
0.172474
-0.316147
-0.713233
-0.704501
-0.336977
0.109719
0.477702
0.729656
0.786336
0.589341
0.221078
-0.185942
-0.515794
-0.650172
-0.576924
-0.350208
-0.11016
0.099872
0.300943
0.438303
0.438266
0.297851
0.083326
-0.090433
-0.18678
-0.324598
-0.354599
-0.210383
-0.057567
0.100042
0.274894
0.387127
0.290565
0.037652
-0.172092
-0.261921
-0.257767
-0.131621
0.045609
0.096972
0.119097
0.133314
0.054895
-0.059721
-0.15839
-0.211629
-0.212185
-0.141043
-0.001469
0.18191
0.279886
0.310127
0.377206
0.389723
0.279248
0.007671
-0.332375
-0.587911
-0.71572
-0.61421
-0.280354
0.089007
0.367193
0.459367
0.320436
0.03452
-0.232142
-0.321885
-0.198111
0.039957
0.260502
0.43599
0.461975
0.293608
0.059203
-0.113951
-0.165193
-0.148832
-0.120167
-0.098857
-0.085015
-0.032097
0.100121
0.2359
0.210348
-0.003966
-0.307502
-0.664219
-0.898083
-0.798128
-0.409625
0.193155
0.838816
1.162803
0.978244
0.440271
-0.085037
-0.374122
-0.429222
-0.343572
-0.180355
0.052198
0.207795
0.344514
0.465528
0.45286
0.309268
0.053059
-0.171574
-0.387458
-0.562486
-0.653677
-0.646062
-0.51791
-0.32399
-0.027373
0.359241
0.693827
0.753098
0.537061
0.142622
-0.216655
-0.385903
-0.412601
-0.348479
-0.280554
-0.225248
-0.225117
-0.128687
0.147723
0.482459
0.713473
0.698022
0.539649
0.302647
-0.005366
-0.32872
-0.524572
-0.4944
-0.36517
-0.245388
-0.167166
-0.171234
-0.113253
0.082471
0.327553
0.490018
0.413284
0.168296
-0.146311
-0.347982
-0.409291
-0.322186
-0.059489
0.146073
0.239978
0.205954
0.18399
0.182891
0.091753
0.003863
-0.049432
-0.050096
-0.071865
-0.171304
-0.328099
-0.377766
-0.228823
0.058432
0.430266
0.737692
0.821374
0.583648
0.126456
-0.407832
-0.790659
-0.860673
-0.73212
-0.438247
-0.089382
0.17295
0.291357
0.304959
0.349261
0.381678
0.298797
0.096145
-0.073394
-0.11652
-0.111068
-0.051889
0.065916
0.212525
0.314825
0.268059
0.101384
-0.135546
-0.376851
-0.497918
-0.457637
-0.332745
-0.156878
0.088102
0.351768
0.461998
0.266437
-0.038608
-0.223109
-0.234657
-0.178887
-0.19412
-0.218622
-0.221314
-0.212291
-0.194857
-0.122071
0.057813
0.340606
0.572339
0.610848
0.546571
0.430726
0.279638
0.101861
-0.041029
-0.093187
-0.09679
-0.128703
-0.168546
-0.106716
-0.033291
-0.070809
-0.234677
-0.409079
-0.471832
-0.463298
-0.392817
-0.213257
0.029808
0.191423
0.256084
0.287907
0.312943
0.355884
0.37109
0.316289
0.136464
-0.097903
-0.218707
-0.249913
-0.216855
-0.059145
0.195931
0.348057
0.244251
0.000724
-0.157268
-0.14472
-0.110605
-0.150094
-0.226807
-0.307664
-0.323501
-0.260439
-0.138653
0.057624
0.269419
0.36852
0.337804
0.233317
0.06201
-0.130229
-0.248995
-0.25799
-0.212298
-0.125174
0.051761
0.252267
0.337641
0.322768
0.280712
0.172858
-0.03891
-0.309966
-0.463465
-0.381232
-0.160637
0.100793
0.377079
0.563799
0.51105
0.280474
0.035816
-0.196064
-0.360204
-0.353989
-0.232873
-0.177339
-0.177017
-0.092702
0.009904
0.040696
0.040191
0.076905
0.101682
0.021531
-0.104893
-0.228783
-0.3406
-0.392994
-0.278714
0.03641
0.303548
0.354742
0.296304
0.212965
0.092129
-0.033604
0.007808
0.167544
0.201112
0.136457
0.092062
0.039659
-0.122911
-0.269773
-0.211363
-0.057978
0.124961
0.341654
0.475564
0.379557
0.107937
-0.104764
-0.188133
-0.221003
-0.23704
-0.126551
0.057167
0.110707
-0.002622
-0.230533
-0.451378
-0.564614
-0.498068
-0.278426
-0.076455
0.084569
0.276561
0.375732
0.237796
-0.036263
-0.238222
-0.334705
-0.389736
-0.265063
0.098986
0.446464
0.604131
0.65219
0.606278
0.42369
0.183356
-0.006548
-0.117675
-0.25723
-0.355795
-0.298141
-0.232428
-0.139926
0.085239
0.332445
0.429219
0.305072
0.100912
-0.11071
-0.388696
-0.578178
-0.525152
-0.303404
-0.044867
0.141082
0.247921
0.284574
0.194178
0.077204
0.043117
0.019332
-0.051773
-0.129448
-0.163636
-0.16009
-0.041312
0.210367
0.41315
0.441223
0.346252
0.165507
-0.128374
-0.360576
-0.425699
-0.414674
-0.368939
-0.268322
-0.04501
0.197682
0.260612
0.181681
0.036461
-0.181575
-0.32256
-0.307955
-0.199107
-0.070732
0.014636
0.166013
0.333577
0.316229
0.256811
0.292469
0.284674
0.144749
-0.067208
-0.200857
-0.241335
-0.195319
0.011861
0.280653
0.40595
0.386621
0.308923
0.113084
-0.161278
-0.383507
-0.446631
-0.376769
-0.268893
-0.156915
-0.07246
-0.010731
-0.008812
-0.056866
-0.114994
-0.184356
-0.168404
0.015155
0.199372
0.239858
0.217243
0.17867
0.118936
0.086189
0.123764
0.152179
0.010103
-0.247238
-0.325289
-0.198293
-0.038982
0.120198
0.255104
0.304705
0.182068
-0.039353
-0.191951
-0.30823
-0.3877
-0.302235
-0.107391
0.04795
0.156871
0.27617
0.376725
0.379253
0.308043
0.216265
0.11394
-0.022896
-0.170423
-0.302852
-0.392996
-0.381142
-0.335846
-0.202973
0.054532
0.287268
0.425856
0.408089
0.214727
-0.017768
-0.167062
-0.250903
-0.265662
-0.183025
-0.034825
0.109405
0.193825
0.195496
0.142821
0.090381
0.033327
-0.004777
-0.021659
-0.040458
-0.083211
-0.194959
-0.315842
-0.3242
-0.196585
-0.006668
0.137366
0.162553
0.073685
-0.048558
-0.101175
-0.077716
0.0074
0.130031
0.2424
0.303295
0.274063
0.179122
0.054245
-0.036577
-0.074919
-0.141718
-0.236989
-0.284496
-0.201274
-0.019149
0.154285
0.296676
0.301303
0.111673
-0.164173
-0.396406
-0.4646
-0.369017
-0.223113
-0.076162
0.102867
0.262217
0.34555
0.351331
0.323938
0.271878
0.173356
0.049837
-0.112188
-0.252051
-0.310591
-0.272075
-0.145771
-0.003923
0.098174
0.142512
0.200035
0.290704
0.282636
0.121168
-0.074513
-0.221811
-0.292772
-0.260482
-0.187701
-0.127572
-0.085446
-0.00234
0.155687
0.314167
0.417533
0.393371
0.217588
-0.07577
-0.39916
-0.581216
-0.544585
-0.349005
-0.109467
0.080493
0.150724
0.150968
0.154538
0.0855
-0.033926
-0.063821
0.013241
0.114797
0.212289
0.266801
0.231911
0.149058
0.076258
0.056167
0.065933
0.044292
-0.002851
-0.042936
-0.097406
-0.167376
-0.17981
-0.119991
-0.065936
-0.039351
-0.067796
-0.190052
-0.241055
-0.169093
-0.115693
-0.072323
0.034834
0.19673
0.286107
0.257237
0.200331
0.104044
-0.037106
-0.13509
-0.179601
-0.180932
-0.100599
0.05684
0.210535
0.265213
0.21443
0.141716
0.074831
-0.03384
-0.136077
-0.183581
-0.186551
-0.166502
-0.135849
-0.06178
0.032206
0.105749
0.131677
0.094787
0.03012
0.037309
0.080518
0.040553
-0.056714
-0.16213
-0.248408
-0.286602
-0.215491
-0.081807
0.073607
0.227933
0.282966
0.248648
0.123659
-0.041386
-0.124878
-0.110995
-0.127003
-0.15239
-0.090251
0.002076
0.123784
0.231991
0.303652
0.287108
0.151436
0.00664
-0.121289
-0.234255
-0.300698
-0.244625
-0.090612
0.075667
0.216468
0.25728
0.182618
0.030537
-0.103266
-0.147115
-0.120961
-0.057713
-0.012906
0.003077
-0.008075
-0.037186
-0.054255
-0.030644
0.048591
0.128761
0.166399
0.12956
0.055177
-0.021622
-0.106207
-0.126739
-0.106115
-0.085797
-0.030852
0.022635
-0.007581
-0.107007
-0.15895
-0.144672
-0.113638
-0.047537
0.060709
0.13546
0.146509
0.15397
0.132572
0.05088
-0.051646
-0.109078
-0.068101
-0.007648
0.009142
-0.004201
-0.044175
-0.041482
0.063678
0.200236
0.274123
0.241778
0.12542
-0.034564
-0.244499
-0.372314
-0.325519
-0.214109
-0.056006
0.156356
0.291315
0.260961
0.152986
0.036282
-0.068423
-0.135021
-0.142181
-0.081345
-0.026369
0.057643
0.180868
0.211325
0.124113
-0.003534
-0.085684
-0.086616
-0.042969
-0.038994
-0.091571
-0.150627
-0.156941
-0.083715
0.016314
0.138288
0.2568
0.257089
0.121679
-0.04771
-0.19337
-0.321628
-0.357903
-0.255367
-0.119933
-0.03635
0.023792
0.069642
0.051222
0.023814
0.056061
0.118814
0.159467
0.153518
0.110156
0.023679
-0.078416
-0.129663
-0.070737
0.067053
0.201743
0.260168
0.216331
0.105617
-0.029524
-0.101784
-0.125922
-0.113577
-0.045991
-0.003352
0.011001
-0.003384
-0.029453
-0.031765
-0.041106
-0.044905
-0.04141
-0.013638
0.022365
-0.043378
-0.126494
-0.084566
0.023537
0.134644
0.173212
0.109904
-0.008058
-0.159002
-0.207549
-0.162923
-0.098287
0.021217
0.148547
0.260405
0.287754
0.223752
0.099315
-0.043117
-0.133021
-0.162747
-0.102602
0.007378
0.104637
0.119584
0.072539
-0.028367
-0.151609
-0.19833
-0.175584
-0.093054
-0.043223
-0.034534
-0.053705
-0.107825
-0.129876
-0.106357
-0.006084
0.133721
0.227336
0.25782
0.240978
0.156917
0.030665
-0.047422
-0.067217
-0.075719
-0.071173
-0.052602
-0.055765
-0.082993
-0.127216
-0.138438
-0.117321
-0.094481
-0.023463
0.048801
0.109309
0.12602
0.041071
-0.033514
-0.036522
0.025418
0.083344
0.095597
0.11037
0.110793
0.077737
0.014612
-0.027168
-0.030266
-0.007838
0.027517
0.012935
-0.025088
-0.057989
-0.076682
-0.060437
-0.064571
-0.111424
-0.143306
-0.105376
-0.054166
-0.012579
0.072967
0.173341
0.235605
0.225198
0.192985
0.178237
0.098168
-0.066868
-0.203869
-0.234093
-0.177288
-0.083947
0.011401
0.085212
0.109374
0.064276
-0.040289
-0.124912
-0.176705
-0.203018
-0.178198
-0.111774
0.011042
0.122466
0.186294
0.205984
0.152935
0.04149
-0.079569
-0.115479
-0.0704
0.009942
0.110531
0.192715
0.2142
0.14173
0.020316
-0.111176
-0.214198
-0.229156
-0.149531
-0.029003
0.060302
0.110598
0.12463
0.117556
0.09163
0.012056
-0.1152
-0.218886
-0.215503
-0.142365
-0.07101
0.005054
0.081584
0.132703
0.150036
0.148316
0.127007
0.049494
-0.068074
-0.174223
-0.241729
-0.244173
-0.187363
-0.052317
0.144734
0.256907
0.228585
0.159787
0.095592
0.04424
0.014822
-0.014768
-0.026944
-0.026439
-0.003779
0.031415
0.010677
-0.028335
-0.030974
-0.016247
-0.027434
-0.09375
-0.140906
-0.111999
-0.096612
-0.065585
0.008958
0.026699
0.021507
0.015991
0.030197
0.04036
0.035365
0.065031
0.064584
0.071305
0.075114
0.058597
0.058106
0.047446
0.042225
-0.000288
-0.047873
-0.038133
-0.00033
0.016084
0.007743
0.005127
0.009784
0.017247
0.003079
-0.019984
-0.063449
-0.102703
-0.08425
-0.058378
-0.052475
-0.045297
-0.014258
0.031458
0.069384
0.070299
-0.024286
-0.143659
-0.181141
-0.138566
-0.060713
-0.020823
0.015425
0.065589
0.085969
0.10768
0.128784
0.144147
0.123625
0.051321
-0.021123
-0.062104
-0.041568
0.03844
0.099404
0.10506
0.101361
0.091701
0.056177
-0.003378
-0.039298
-0.054515
-0.109581
-0.12782
-0.087579
-0.048274
-0.006911
0.032384
0.045861
0.007064
-0.04224
-0.057934
-0.052025
-0.066068
-0.093821
-0.084716
-0.054744
-0.039598
0.000592
0.069701
0.103593
0.100638
0.042199
-0.003644
-0.026701
-0.067169
-0.047846
-0.008471
0.045088
0.07438
0.05889
0.019626
-0.050351
-0.065212
-0.063728
-0.055391
-0.035442
-0.012724
0.053311
0.098898
0.100863
0.057038
0.004966
0.010845
0.003376
-0.028783
-0.04612
-0.086525
-0.112568
-0.102233
-0.037031
0.057193
0.136636
0.185358
0.140051
0.10539
0.075677
0.00441
-0.062777
-0.12239
-0.123093
-0.108944
-0.046427
0.01804
0.014952
0.009491
-0.02367
-0.035563
-0.023607
-0.013569
0.021207
0.065788
0.106122
0.089354
0.050058
0.0296
-0.031714
-0.097026
-0.130209
-0.123554
-0.050476
0.021652
0.067224
0.09259
0.10509
0.111763
0.089915
0.045523
-0.059216
-0.176815
-0.204231
-0.169216
-0.099048
-0.01004
0.080043
0.141742
0.130476
0.10022
0.069872
0.026732
0.00178
-0.018001
-0.015701
0.003859
-0.000311
0.004689
0.001894
-0.046426
-0.093843
-0.111606
-0.099546
-0.086525
-0.074704
-0.052076
-0.027605
0.020269
0.055492
0.069793
0.094192
0.087134
0.049146
0.044789
0.073962
0.075412
0.044697
0.026656
0.016094
0.00396
-0.005314
-0.038182
-0.038899
0.001885
0.003837
-0.007286
-0.016072
-0.055444
-0.125681
-0.170284
-0.159979
-0.123624
-0.040143
0.057476
0.120075
0.13327
0.085838
0.038546
0.017816
0.006107
-0.033243
-0.080069
-0.059261
-0.032953
-0.016905
0.058016
0.152597
0.179976
0.148228
0.113512
0.041502
-0.064324
-0.130362
-0.115537
-0.052178
-0.027628
-0.047925
-0.065324
-0.043725
-0.001936
0.020166
0.048047
0.030632
-0.031641
-0.045133
-0.03076
-0.016936
-0.012282
0.005047
0.039182
0.056994
0.063089
0.048816
0.026114
0.029805
0.066422
0.071856
0.026293
-0.004298
-0.015971
-0.011606
0.015779
0.018854
-0.009498
-0.045692
-0.068494
-0.062198
-0.081207
-0.128721
-0.141557
-0.125171
-0.09486
-0.042382
0.008225
0.060798
0.128419
0.158396
0.123849
0.052788
-0.002168
-0.025252
-0.052358
-0.07778
-0.048795
0.021541
0.05624
0.070035
0.070193
0.036565
0.013472
-0.002463
-0.027646
-0.037197
-0.004338
0.025902
0.013998
0.022245
0.051631
0.052289
0.034443
0.031519
0.014909
-0.045999
-0.076931
-0.075065
-0.090491
-0.08404
-0.04913
-0.014761
0.015367
0.054829
0.085459
0.044004
-0.036857
-0.069504
-0.073251
-0.06578
-0.011553
0.062138
0.095556
0.064145
0.016359
-0.007507
-0.031817
-0.032779
0.007171
0.037942
0.046829
0.046948
0.038156
0.031795
0.008857
-0.036277
-0.093816
-0.140203
-0.10295
-0.036231
-0.005706
0.039484
0.074573
0.03924
-0.025156
-0.050395
-0.064199
-0.068089
-0.011455
0.082904
0.131309
0.107314
0.077708
0.034105
-0.044058
-0.081127
-0.046645
0.020756
0.075175
0.080943
0.038796
-0.027034
-0.066397
-0.04256
-0.004525
0.006854
0.025022
0.041545
0.018376
-0.000203
0.002407
0.001378
0.007156
0.019653
0.034999
0.001931
-0.079904
-0.120554
-0.104476
-0.082312
-0.08415
-0.08426
-0.072263
-0.070232
-0.049974
0.002198
0.042375
0.075536
0.126716
0.158813
0.120918
0.039788
-0.005098
-0.004706
-0.005246
0.003025
0.028936
0.028357
0.035808
0.061459
0.040737
-0.014381
-0.073054
-0.107982
-0.121526
-0.12859
-0.096886
-0.012797
0.076202
0.100174
0.064637
-0.003573
-0.059535
-0.044097
0.001733
0.03781
0.079641
0.121679
0.126668
0.081728
0.010548
-0.036216
-0.010432
0.054657
0.087691
0.050523
0.004106
-0.012653
-0.065985
-0.091621
-0.059861
-0.067762
-0.105828
-0.140704
-0.13219
-0.10992
-0.075349
0.033293
0.135075
0.168738
0.133171
0.071989
-0.026546
-0.126274
-0.153744
-0.157332
-0.118587
-0.07941
-0.051373
0.007635
0.07117
0.118076
0.121457
0.09911
0.072177
0.055371
0.049731
0.064744
0.084644
0.051802
-0.022498
-0.050952
-0.028933
-0.003316
0.042064
0.084835
0.104504
0.073059
0.008952
-0.063635
-0.126257
-0.122236
-0.101457
-0.072318
-0.033804
-0.017156
-0.007313
0.014191
0.035807
0.018568
-0.017419
-0.016234
0.015569
0.003316
-0.023282
-0.009482
-0.008787
-0.049516
-0.077083
-0.065764
-0.040325
0.005022
0.059713
0.080155
0.03717
0.005105
0.006209
0.003142
0.036025
0.092773
0.135637
0.127426
0.077016
0.018364
-0.031029
-0.045797
-0.033832
-0.017058
0.014004
0.064424
0.063873
-0.008076
-0.096614
-0.152916
-0.169004
-0.127631
-0.054182
-0.033257
-0.03626
-0.02588
0.007865
0.043494
0.045415
0.055776
0.08602
0.086926
0.035083
-0.022032
-0.01017
0.010556
-0.019807
-0.0126
0.010132
-0.01351
-0.031004
0.009001
0.04728
0.049009
0.052089
0.013976
-0.071583
-0.12412
-0.10189
-0.065085
0.003419
0.105482
0.135775
0.083113
0.014027
-0.004171
0.006613
0.02805
0.064333
0.076703
0.03933
-0.009879
-0.051094
-0.101636
-0.106527
-0.07735
-0.046924
-0.025002
-0.033364
-0.031459
-0.023944
-0.024417
-0.036487
-0.063279
-0.080743
-0.065034
-0.008134
0.035099
0.049103
0.042585
0.035257
0.025623
-0.008925
0.003395
0.066001
0.081465
0.057725
0.074264
0.110484
0.116319
0.065009
-0.008082
-0.056065
-0.078768
-0.060885
-0.042569
-0.023036
0.028856
0.107866
0.144303
0.074477
-0.023482
-0.089457
-0.116546
-0.135599
-0.158056
-0.144615
-0.088207
0.021681
0.117452
0.1309
0.103968
0.100016
0.09836
0.046794
-0.023262
-0.050316
-0.025736
-0.006466
-0.002615
0.001175
0.039679
0.069605
0.021814
-0.052076
-0.098864
-0.061131
-0.004868
0.019027
0.033651
0.030414
0.024316
-0.015698
-0.07983
-0.106337
-0.071337
-0.032026
-0.047635
-0.07237
-0.042652
0.003568
0.008135
-0.01618
-0.027974
-0.027671
-0.061031
-0.092567
-0.068046
-0.011906
0.029247
0.061367
0.127882
0.194044
0.208617
0.161183
0.076223
-0.005174
-0.077998
-0.10687
-0.092804
-0.046318
0.034183
0.129837
0.209599
0.188289
0.097936
-0.014513
-0.134333
-0.218869
-0.238164
-0.187916
-0.111013
-0.020912
0.05621
0.103496
0.076281
0.023666
0.016657
0.030599
0.035825
-0.014484
-0.066667
-0.106513
-0.128862
-0.097267
-0.009396
0.074387
0.106459
0.137632
0.128133
0.087255
0.026902
-0.028056
-0.023747
-0.029008
-0.031695
-0.001651
0.043096
0.059571
0.012976
-0.030602
-0.023668
0.006219
0.041384
0.046423
-0.019133
-0.08099
-0.094089
-0.065888
-0.019448
-0.01889
-0.02843
-0.019653
-0.023898
-0.074572
-0.120194
-0.081757
-0.027079
0.004112
0.021571
0.064576
0.112875
0.08238
0.03123
0.00118
0.013696
0.050906
0.060815
0.07269
0.061096
0.018104
-0.010277
-0.021427
-0.010602
0.02797
0.080095
0.103159
0.06024
-0.007687
-0.04916
-0.053868
-0.059329
-0.08222
-0.08926
-0.088452
-0.089652
-0.073254
-0.027483
0.005158
0.020031
0.028943
0.015554
-0.007869
-0.040022
-0.059311
-0.047293
-0.011945
0.015646
0.044049
0.072404
0.073661
0.061135
0.028811
-0.006202
-0.015129
0.009333
0.019883
0.004318
-0.008359
-0.030135
-0.039973
-0.025891
-0.017899
-0.006258
0.026424
0.033073
0.018768
0.008429
0.030294
0.054215
0.045961
0.06963
0.070035
0.035224
0.017415
0.013416
-0.004478
-0.03391
-0.018658
0.000787
-0.00599
-0.022852
-0.051414
-0.091815
-0.115018
-0.11516
-0.084952
-0.028633
-0.011264
0.013257
0.052985
0.064279
0.038058
-0.007872
-0.035285
-0.055209
-0.054661
-0.045837
-0.007332
0.042264
0.063254
0.092774
0.100974
0.06431
0.008685
-0.037512
-0.069353
-0.069844
-0.040487
-0.018835
-0.019993
-0.021738
0.014778
0.047179
0.041263
0.039998
0.050603
0.03534
-0.01377
-0.069211
-0.069603
-0.023442
0.002507
0.03856
0.065053
0.059389
0.039318
0.003554
-0.014607
-0.034567
-0.059039
-0.069892
-0.051488
-0.028784
-0.023713
0.010019
0.058697
0.099369
0.106361
0.098192
0.084014
0.051682
0.022658
-0.009902
-0.040163
-0.086686
-0.110828
-0.087281
-0.042899
0.012131
0.053604
0.078697
0.062145
0.008084
-0.029894
-0.033849
-0.041111
-0.056329
-0.05025
-0.035425
-0.02285
-0.009111
-0.023708
-0.049152
-0.026042
-0.005778
-0.017341
-0.019962
0.005574
0.044529
0.048929
0.028348
0.024195
0.023664
0.007866
0.003768
0.025875
0.072808
0.110982
0.111083
0.080919
0.017339
-0.050559
-0.100956
-0.139191
-0.16307
-0.136918
-0.073885
-0.050929
-0.040182
-0.029548
-0.022723
0.02163
0.055568
0.063883
0.050534
0.026853
0.027975
0.028084
0.049099
0.091606
0.104776
0.073294
0.010935
-0.040829
-0.090835
-0.114448
-0.064384
0.001736
0.041515
0.041724
0.028603
0.035608
0.017112
-0.024478
-0.031138
0.015646
0.046466
0.030821
0.007987
-0.022446
-0.038179
-0.042915
-0.019547
0.040871
0.075196
0.085413
0.06026
0.01017
-0.027888
-0.069753
-0.092204
-0.073661
-0.015402
0.03524
0.048635
0.049031
0.032963
0.021471
0.004464
-0.019018
-0.027539
-0.021746
-0.016098
-0.030378
-0.057572
-0.095666
-0.10878
-0.088741
-0.061176
-0.04316
-0.021285
-0.005944
-0.024753
-0.029931
-0.022344
0.006265
0.044196
0.049936
0.049958
0.052685
0.063975
0.089936
0.111165
0.120249
0.122953
0.094793
0.054937
0.010618
-0.043301
-0.075744
-0.098038
-0.072905
-0.007886
0.049612
0.077921
0.06275
0.042197
0.016888
-0.018595
-0.055471
-0.065635
-0.062842
-0.060366
-0.027625
-0.022894
-0.035607
-0.035459
-0.041273
-0.017397
0.024141
0.040888
0.024372
0.01031
-0.001474
-0.038709
-0.080727
-0.100729
-0.054677
0.009946
0.031006
0.052543
0.064142
0.045118
0.020016
0.033338
0.059215
0.041957
0.018442
-0.023177
-0.042016
-0.011956
-0.001365
0.00674
-0.001146
-0.001851
0.00908
-0.01201
-0.015506
-0.023335
-0.020942
-0.023292
-0.056467
-0.056645
-0.049232
-0.020346
0.019332
0.062563
0.072144
0.032702
0.007788
-0.021406
0.000493
0.020032
0.024215
0.04637
0.032961
0.022338
-0.01253
-0.02719
-0.025981
-0.04244
-0.021249
-0.0078
-0.001359
0.008403
0.020092
0.03522
0.021178
-0.001808
-0.014718
-0.0189
-0.028119
-0.051603
-0.0597
-0.047208
-0.010784
0.041909
0.056046
0.017596
-0.01624
-0.033422
-0.035485
0.004098
0.049073
0.072638
0.065192
0.040931
0.027295
0.006986
0.000902
0.014629
0.016399
0.01867
-0.018111
-0.073828
-0.065849
-0.04763
-0.023553
0.015962
0.034393
0.02843
0.01058
0.006268
-0.007857
-0.029779
-0.02268
0.005338
0.026954
0.041462
0.026957
0.003557
-0.007167
-0.028516
-0.045241
-0.069199
-0.090866
-0.067758
0.005926
0.065312
0.10465
0.114904
0.048113
-0.020626
-0.059364
-0.060541
-0.030237
-0.003202
0.024322
0.031192
0.021203
0.016883
0.000013
-0.013104
0.012511
0.015647
-0.005393
-0.022569
-0.024963
0.000935
-0.002667
0.008172
0.024351
0.013029
0.001683
-0.014884
-0.015982
-0.049406
-0.073759
-0.060854
-0.062747
-0.06243
-0.057794
-0.006088
0.064222
0.09738
0.088874
0.036864
-0.013366
-0.060069
-0.075453
-0.061871
-0.036658
0.038291
0.089682
0.086213
0.060465
0.040559
0.036825
0.017521
0.021426
0.04745
0.062627
0.065601
0.038788
-0.029915
-0.07463
-0.051826
-0.005775
0.018045
-0.018294
-0.029897
-0.016673
-0.031398
-0.028532
-0.005404
0.014903
-0.02808
-0.073038
-0.069634
-0.057742
-0.010778
0.039333
0.050667
0.023103
-0.028038
-0.057702
-0.063191
-0.010524
0.069985
0.060584
0.022101
-0.015644
-0.032579
-0.006262
0.015992
0.046341
0.019624
-0.027643
-0.040378
-0.051866
-0.033725
0.006934
0.026183
0.046519
0.06405
0.034313
0.003938
-0.011261
-0.030617
-0.057258
-0.054538
-0.007813
0.029012
0.015255
-0.003203
0.013631
0.012276
0.014237
0.008436
-0.003772
0.008543
0.000724
-0.02222
-0.013157
0.004017
-0.004744
0.008558
0.025614
0.021378
0.017919
0.034136
0.030573
0.000104
-0.001788
-0.002424
-0.035079
-0.045963
0.000823
-0.013419
-0.029352
0.00776
0.007187
-0.000682
-0.011655
0.019951
0.060572
0.065961
0.037088
-0.011163
-0.023164
-0.022331
0.000823
-0.032948
-0.078969
-0.043728
-0.016638
-0.007843
-0.011764
-0.017035
-0.00333
0.02737
0.0261
0.001753
-0.011554
-0.024101
-0.001693
-0.020348
-0.052982
-0.020751
-0.008014
-0.010978
0.020726
0.031783
0.031413
0.041804
0.032175
0.043075
0.018614
-0.004645
0.003677
-0.032734
-0.043759
-0.035618
0.006218
0.047649
0.05059
0.07562
0.06726
0.055034
0.033562
-0.034695
-0.070394
-0.079893
-0.073145
-0.042802
0.005568
0.032176
-0.000606
-0.000122
-0.00133
-0.012937
-0.000908
-0.020285
0.014745
0.016731
-0.042323
-0.068501
-0.065141
0.017088
0.058054
0.072693
0.078208
0.018401
0.007628
-0.01876
-0.014345
0.039898
0.054765
0.052856
-0.030174
-0.088112
-0.080565
-0.082119
-0.061334
-0.026906
0.030643
0.076071
0.036148
-0.052908
-0.091509
-0.069713
-0.031074
-0.001999
0.023467
0.036508
0.050049
0.060379
0.042799
0.029564
0.023676
0.032446
0.011432
0.001212
0.031326
0.031582
0.023401
0.023978
0.022664
0.012323
0.022052
0.031604
0.001513
-0.061865
-0.108626
-0.111683
-0.09055
-0.042582
0.006641
0.026064
0.000542
-0.03049
-0.044325
-0.076774
-0.090275
-0.049242
-0.010192
-0.000276
-0.000866
0.040715
0.08854
0.120546
0.154414
0.133309
0.07665
0.011665
-0.023741
-0.088333
-0.135192
-0.096842
-0.017435
0.085306
0.13139
0.128481
0.050387
-0.019662
-0.064166
-0.089445
-0.058683
-0.082888
-0.085109
-0.02387
0.038961
0.063011
0.04978
0.038933
0.034002
0.023615
0.001929
0.003424
0.004943
-0.027095
-0.060694
-0.062909
-0.025056
0.009911
0.043104
0.079083
0.092753
0.067023
-0.00658
-0.027503
-0.05628
-0.068365
0.012487
0.014744
-0.044102
-0.073694
-0.056574
-0.058368
-0.087314
-0.038602
0.044351
0.071233
0.044182
0.01899
0.003202
-0.006311
-0.021975
-0.018934
0.009046
-0.001249
0.012427
0.04653
0.029208
0.016672
0.011188
0.00298
0.006594
0.014808
0.015807
-0.018609
-0.033291
-0.019915
-0.004958
0.016307
0.033207
0.038615
0.018811
0.020944
0.011863
-0.02182
-0.035146
-0.037201
-0.017905
-0.029094
-0.050595
-0.045723
-0.039025
-0.017892
0.026785
0.089603
0.11201
0.089703
0.051663
-0.011177
-0.060808
-0.052921
-0.026159
-0.023311
-0.013551
-0.012703
-0.018979
-0.007113
0.002051
0.03081
0.03885
0.01577
0.011543
-0.014905
-0.056826
-0.06753
-0.056453
-0.038972
-0.014635
0.006567
0.029648
0.04031
0.024154
0.006827
0.019208
0.042677
0.026418
0.023765
0.022749
0.009904
-0.001713
-0.013944
0.017469
0.028666
0.022905
0.019864
0.014577
-0.000934
-0.029879
-0.013556
-0.010432
-0.029078
-0.039542
-0.041034
-0.012195
0.002251
-0.004572
-0.008093
-0.007524
-0.023908
-0.054853
-0.049917
-0.025366
-0.020367
-0.000242
0.031102
0.020473
-0.004059
-0.010258
-0.005088
0.00438
0.001586
0.007569
0.002844
-0.028391
-0.030734
-0.004241
0.030285
0.049184
0.04191
0.049035
0.060023
0.046772
0.023894
-0.008718
-0.041667
-0.044568
0.002194
0.049582
0.032809
0.025015
0.032098
-0.000599
-0.038968
-0.081919
-0.086947
-0.062237
-0.053777
-0.021084
0.039571
0.093431
0.10094
0.064896
0.015533
-0.012821
-0.031616
-0.055453
-0.039401
-0.033326
-0.02468
-0.011327
0.003873
0.066125
0.078601
0.064803
0.046471
0.017423
-0.040615
-0.112489
-0.112015
-0.10451
-0.076261
-0.046184
-0.019491
0.021277
0.045972
0.088612
0.104092
0.079772
0.034598
0.000459
-0.031886
-0.060877
-0.051901
-0.045115
-0.023566
0.006117
0.024604
0.006754
-0.01352
-0.003152
-0.054735
-0.065313
-0.015222
-0.014044
0.003869
0.019231
0.026932
0.031682
0.028971
0.075021
0.087274
0.059824
0.045211
0.027835
0.01678
-0.019553
-0.022554
0.002643
-0.016513
-0.030781
-0.046091
-0.048002
-0.018522
0.006865
0.000702
0.004217
0.025864
-0.007554
-0.039761
-0.043067
-0.027997
-0.008062
0.005445
0.001826
-0.046977
-0.05328
-0.013958
0.012578
0.02804
0.05186
0.045287
0.002559
-0.015118
-0.011884
-0.003151
0.005217
0.010416
-0.010597
0.005891
0.019065
0.014232
0.014204
0.012583
0.052515
0.006005
-0.011822
0.002077
-0.004625
0.006407
-0.019703
-0.008627
-0.010959
-0.009074
-0.02894
-0.040033
-0.03718
-0.037835
0.0137
0.002969
-0.011386
0.000225
0.005121
-0.043292
-0.099131
-0.065962
-0.072826
-0.072252
0.01703
0.096802
0.132274
0.131354
0.117439
0.094088
0.049259
0.02363
-0.014477
-0.04827
-0.041582
-0.054491
-0.05823
-0.057519
-0.035135
0.000858
0.006878
0.033088
0.051153
0.047747
0.007354
-0.035683
-0.048126
-0.056294
-0.003107
0.036077
0.018947
0.027877
0.047231
0.037148
0.009431
-0.011187
-0.034325
-0.026575
-0.004023
-0.020099
-0.003787
0.027631
0.02738
0.011537
-0.011362
0.009489
0.01391
-0.02319
-0.056748
-0.083438
-0.093493
-0.074228
0.004663
0.050972
0.041961
0.047062
0.037029
0.004258
-0.027855
-0.053362
-0.054503
0.007475
0.062306
0.050676
0.014066
-0.012521
-0.028088
-0.051028
-0.027265
0.017115
0.056558
0.082224
0.05275
0.048345
0.05344
0.032537
-0.004973
-0.04836
-0.045302
-0.020815
-0.005878
-0.008499
-0.015729
-0.017629
-0.02517
-0.020955
-0.000316
-0.007198
-0.050442
-0.093299
-0.083355
-0.027741
-0.012581
0.012002
0.038156
0.040547
0.063086
0.031401
-0.012402
-0.011039
0.028424
0.039517
0.015416
0.04169
0.049202
0.024953
-0.011311
-0.02315
-0.012587
-0.03562
-0.015466
0.01586
-0.012783
-0.030223
-0.000747
0.03262
0.053752
0.023104
-0.034198
-0.035324
-0.025086
-0.057087
-0.086453
-0.0379
0.038849
0.067129
0.033807
-0.011886
-0.012097
-0.027981
-0.044844
-0.022403
0.009224
0.021724
0.00245
-0.021636
-0.001341
0.029137
0.040099
0.066751
0.051186
0.039137
0.038908
-0.001492
-0.011906
0.000598
0.012579
-0.000542
-0.017547
0.004321
0.007046
-0.014317
-0.041981
-0.066292
-0.040191
-0.006586
-0.015533
-0.030487
-0.027515
-0.017322
0.00054
0.003405
-0.005234
-0.017081
-0.025379
-0.019729
-0.033917
-0.009903
0.022295
0.046329
0.088247
0.065301
0.038238
0.023213
0.00036
0.003503
0.005473
0.02636
0.02707
-0.004664
-0.012917
-0.004746
0.013257
-0.01445
-0.03924
-0.025813
-0.029499
-0.045036
-0.068901
-0.048486
-0.010302
-0.00018
-0.016222
-0.018343
0.001535
-0.012284
-0.018361
-0.01412
-0.023899
-0.030213
-0.007381
0.048751
0.092809
0.097457
0.06235
0.011598
-0.027278
-0.043948
-0.03131
-0.013423
0.010996
0.046558
0.055491
0.033542
-0.000982
-0.006233
-0.006065
-0.018022
-0.015036
-0.012572
-0.004036
0.002435
0.006662
0.012812
0.024659
0.026239
-0.004229
-0.043265
-0.052085
-0.049222
-0.062605
-0.034167
-0.00526
0.010419
0.017387
-0.008167
-0.002486
-0.01205
-0.01603
0.002124
0.004587
0.02687
0.023554
0.026297
0.0242
0.01574
0.034187
0.014556
0.010433
0.02045
0.01153
-0.012404
-0.038866
-0.038987
-0.042442
-0.02626
0.005149
0.006214
-0.011444
-0.020492
-0.012238
-0.011266
-0.027397
-0.017006
-0.007937
0.013709
0.040516
0.025218
0.019964
0.012424
0.01517
-0.005396
-0.032187
-0.00954
0.033536
0.055242
0.038648
0.025874
0.004319
-0.004298
-0.030811
-0.025738
0.01412
0.029465
0.018214
-0.036502
-0.036277
-0.027016
-0.024623
-0.017225
-0.004246
0.009631
-0.027292
-0.043095
-0.015531
0.015022
0.021686
0.052216
0.070908
0.035197
0.003467
-0.018443
-0.035388
-0.04895
-0.038338
-0.010662
0.005683
0.013857
0.016281
0.019463
0.03293
0.04204
0.042529
0.020868
-0.014948
-0.025336
-0.034008
-0.036133
-0.005461
0.024129
0.027037
-0.001549
-0.020955
-0.013259
-0.025693
-0.034077
-0.021287
-0.007303
-0.012272
-0.029604
-0.010337
0.015746
0.019658
0.007163
0.001722
0.019459
0.02462
0.011507
0.008504
0.011874
0.001339
-0.002376
0.008715
0.02349
0.027656
0.002828
-0.020775
-0.018486
-0.013922
-0.030589
-0.056759
-0.065892
-0.042766
0.00951
0.009631
-0.030826
-0.002519
0.045273
0.042915
0.006453
0.00267
0.024236
0.007621
-0.007579
0.018995
0.045947
0.038257
0.029493
0.012524
-0.015817
-0.037564
-0.035411
-0.015725
0.010978
0.046343
0.040704
0.023901
0.023809
0.019321
-0.008278
-0.03276
-0.039344
-0.071227
-0.066266
-0.011009
0.011453
-0.001297
-0.001143
0.007398
-0.003945
-0.009642
-0.006655
-0.004041
0.014899
0.012071
0.001775
0.02187
0.03704
-0.003171
-0.050808
-0.009612
0.013632
-0.008138
0.002007
0.008596
-0.002393
-0.000204
0.004957
-0.036029
-0.048965
-0.017424
0.015808
0.007455
-0.035668
-0.036159
-0.01089
0.047814
0.042536
-0.003147
0.016556
0.046448
0.041959
0.002444
0.004005
0.00327
-0.013639
-0.00871
-0.003017
0.006307
0.01916
0.032184
0.034902
0.036146
-0.018163
-0.045115
0.006395
0.014701
0.014866
0.027597
0.025965
0.008493
-0.022443
-0.022144
-0.028401
-0.056791
-0.066281
-0.071502
-0.044425
0.019377
0.044804
0.017702
-0.002541
-0.010675
-0.045616
-0.053961
-0.021063
-0.003521
0.024406
0.047266
0.014892
-0.008385
0.014196
0.030629
0.017572
0.009383
0.017877
-0.005927
-0.03887
-0.049717
-0.031401
0.010279
0.027783
0.055609
0.06727
0.046997
0.031528
0.000293
-0.0192
-0.027149
-0.033237
-0.030086
-0.016054
-0.011759
-0.019236
-0.021855
-0.023879
-0.013437
-0.002144
0.010128
0.020431
0.02851
0.004749
-0.025831
-0.007629
0.000382
0.013246
0.04541
0.052872
0.040541
0.021516
0.001839
-0.02266
-0.025508
-0.023264
-0.02161
0.014865
0.023756
0.002833
-0.003523
-0.004245
-0.005352
-0.016278
-0.028567
-0.047594
-0.063914
-0.053906
-0.02605
-0.003039
0.01748
0.044581
0.058004
0.034647
0.007862
0.001798
0.001062
0.026915
0.030808
0.01073
0.01155
0.015882
0.028697
0.030154
0.010301
-0.012305
-0.030276
-0.054759
-0.053094
-0.048832
-0.055105
0.003524
0.0329
0.003432
-0.006548
-0.022278
-0.037014
-0.032422
-0.023301
-0.002831
0.025724
0.027309
0.027006
0.049128
0.045773
0.025022
0.003798
-0.001049
0.007389
-0.010585
-0.023994
-0.006688
0.03707
0.024153
-0.015385
0.022651
0.02776
-0.002749
0.00026
-0.005675
-0.015041
-0.00672
-0.006849
-0.022993
-0.030273
-0.046
-0.051511
-0.032673
-0.033855
-0.021092
0.014594
0.016632
0.018784
0.039476
0.041079
0.03711
0.029061
0.007722
-0.011391
-0.016205
-0.007102
-0.01152
-0.010206
0.021593
0.015614
-0.021775
-0.027447
0.005132
0.029248
0.021438
0.017582
0.014953
0.012166
-0.005312
-0.015379
-0.000171
-0.01593
-0.047987
-0.031457
-0.012873
-0.021224
0.002831
0.031387
0.032952
0.011901
-0.015306
-0.052265
-0.058489
-0.046048
-0.052224
-0.041748
-0.041115
0.001691
0.052472
0.067945
0.075092
0.06551
0.035208
-0.027615
-0.021494
-0.003698
-0.023204
0.003783
0.022505
0.036533
0.030979
0.008457
0.035548
0.036367
-0.000097
-0.013987
-0.021076
-0.025864
-0.031153
-0.02303
-0.00412
0.013962
0.018445
-0.00463
-0.006884
-0.021343
-0.037444
-0.02284
-0.042638
-0.055814
-0.051802
-0.010849
0.051713
0.049639
0.034292
0.040646
0.053385
0.035795
0.024485
0.045403
0.013064
-0.035669
-0.049961
-0.039801
-0.015425
-0.009797
0.025458
0.070241
0.055479
0.010973
-0.062483
-0.089646
-0.0822
-0.089559
-0.045917
0.01431
0.046699
0.051433
0.071769
0.070614
0.027809
-0.011346
-0.025404
-0.012458
-0.030395
-0.038044
-0.025027
0.001
0.024445
0.021425
0.035481
0.029799
0.003727
-0.010196
-0.029486
-0.045279
-0.04408
-0.03967
-0.016733
0.01559
0.03602
0.046617
0.039536
0.030358
0.023665
0.013416
-0.002501
-0.003364
-0.011961
-0.019333
0.014438
0.022924
0.005245
0.009853
0.012443
-0.008538
-0.036666
-0.040551
-0.025583
-0.04514
-0.057343
-0.024399
-0.003046
0.008108
0.007014
0.018905
0.032708
0.010151
0.012462
0.029067
0.044205
0.045135
0.018082
0.020066
0.021574
0.000752
-0.007695
-0.000432
-0.011327
-0.030061
-0.013205
-0.000964
0.005598
-0.004277
-0.020125
-0.007542
-0.023121
-0.044471
-0.048431
-0.030407
-0.001911
0.004089
0.017382
0.008742
-0.0135
-0.019834
-0.00675
0.009403
-0.002595
-0.005997
-0.008718
-0.003085
0.017784
0.040855
0.054296
0.041802
0.005172
-0.037539
-0.031808
-0.026433
-0.021126
0.018906
0.042352
0.030922
-0.009398
-0.025041
-0.024679
-0.033384
-0.003779
0.030989
0.033315
0.015008
0.002594
0.003942
-0.010784
0.000121
0.015566
0.004912
-0.012316
-0.027579
-0.006988
0.005981
0.016998
0.046375
0.055222
0.029542
-0.017533
-0.044413
-0.055345
-0.052047
-0.029568
0.004705
0.032139
0.010818
-0.017462
-0.012438
-0.004492
-0.00923
-0.002388
0.033458
0.037626
-0.008323
-0.026234
-0.015717
-0.006535
-0.013958
-0.025111
0.022053
0.044263
0.013084
-0.002477
-0.016026
-0.02818
-0.053333
-0.048527
-0.019911
-0.017336
-0.005997
0.003582
0.017682
0.027395
0.047566
0.081361
0.054981
0.06038
0.056694
-0.001499
-0.031868
-0.059631
-0.024015
0.007186
0.01267
0.014562
0.008757
0.028404
0.016808
0.013034
0.008646
-0.006728
-0.024922
-0.046051
-0.078865
-0.069322
-0.02801
-0.015139
0.005518
0.011524
0.03658
0.004899
-0.024574
-0.023036
-0.035657
-0.012711
-0.01204
0.017496
0.057585
0.065974
0.031168
0.03754
0.054809
0.024986
0.007701
-0.036514
-0.052306
-0.064579
-0.067874
-0.058592
-0.036134
0.013316
0.053664
0.077848
0.059237
0.035286
0.006079
-0.019972
-0.051445
-0.051638
-0.017024
-0.004396
0.001764
0.021399
0.056527
0.077456
0.072602
0.027587
0.012601
-0.001785
-0.042348
-0.053952
-0.064724
-0.056286
-0.046337
-0.03982
0.007109
0.055273
0.051587
0.045506
0.02142
-0.008042
-0.035401
-0.051672
-0.021207
-0.024093
-0.035201
-0.030922
0.002882
0.008934
-0.002171
0.020094
0.028859
0.034469
0.022284
0.031239
0.016544
-0.025306
-0.031846
-0.017952
-0.016979
-0.032746
-0.020513
0.02324
0.038561
0.00596
-0.004729
-0.00081
-0.001679
-0.023884
-0.016726
0.010866
0.035886
0.054623
0.008297
-0.019643
-0.023315
-0.004511
-0.007597
-0.026309
0.004412
0.038336
0.046846
0.039572
0.027041
-0.022454
-0.042392
-0.038449
-0.01183
0.019564
0.008648
0.022475
0.032201
0.025973
0.020729
0.003072
-0.009555
-0.005169
-0.025751
-0.055365
-0.048519
-0.036288
-0.007147
0.004272
-0.015195
0.001597
-0.000027
0.004397
0.023561
0.004538
-0.020354
-0.03158
-0.00003
-0.001608
-0.008143
0.009131
0.027006
0.044095
0.023483
-0.005083
-0.038994
-0.030234
-0.003819
0.015999
0.019028
0.016303
0.020935
0.021173
0.042146
0.021417
-0.006838
-0.011199
-0.013041
-0.019319
0.001444
0.012859
-0.004813
0.008128
0.007035
0.015367
-0.017553
-0.05775
-0.030241
-0.03418
-0.043136
-0.042981
-0.02548
0.023598
0.034177
0.039445
0.037156
0.00757
0.00459
0.004208
0.001936
0.008067
0.016096
0.020597
0.020066
0.022684
0.018328
0.019152
0.013498
0.003491
-0.004949
-0.016121
-0.024852
-0.039156
-0.038429
-0.026975
-0.014955
-0.011074
-0.012344
-0.002835
0.003753
0.011036
0.00692
0.006768
0.009231
-0.018803
-0.033169
-0.030401
-0.018963
0.005722
0.015355
0.024627
0.007824
-0.019156
-0.000017
-0.002364
0.005597
